"","Signature 1","Signature 2","Signature 3","Signature 4","Signature 5","Signature 6","Signature 7","Signature 8","Signature 9","Signature 10","Signature 11","Signature 12","Signature 13","Signature 14","Signature 15","Signature 16","Signature 17","Signature 18","Signature 19","Signature 20","Signature 21","Signature 22","Signature 23","Signature 24","Signature 25","Signature 26","Signature 27","Signature 28","Signature 29","Signature 30"
"TCGA-AB-2802",0.0272103603961779,0.0255152130145439,0.0329624930061165,0.0375155155213828,0.03240335589067,0.0317397399904957,0.0255390269492334,0.0374112128416174,0.0303344650184034,0.0275789788585317,0.0253029961887804,0.0356533122470077,0.0257586236407649,0.0321777606037366,0.0298317597571783,0.0341200301140146,0.0276898715622613,0.0280890222015187,0.0283338104912399,0.0383199721233932,0.0404381648324372,0.0749123954900437,0.0258580225387675,0.0301609033709885,0.0396890281719182,0.0355230415138493,0.0511493416070488,0.0313137550966735,0.028379580272737,0.0290882466884682
"TCGA-AB-2803",0.0273569993775273,0.0233828492968228,0.0400717309324586,0.0429591843311832,0.0334689307963936,0.0317403579256194,0.0246734927446738,0.0339982906545097,0.0272112667713911,0.0241202823655952,0.0274991888596768,0.0332956502145545,0.0232955539867815,0.0296388779994464,0.0329763284334092,0.0347225054024991,0.0275257926525976,0.0381794771197588,0.0298832942496634,0.0346363369652493,0.0294418967748777,0.0641187768366815,0.0296083930960803,0.0383147018244712,0.0382118756683529,0.0307359775233638,0.0579680451155964,0.0289199299172974,0.0300350316909321,0.0320089804725354
"TCGA-AB-2804",0.0297368461297881,0.0281417759620688,0.0342335078131099,0.0352957053004946,0.0324952372934464,0.0298005578745115,0.0269674094083415,0.0375427063724789,0.0318298957009579,0.0271614125591803,0.028040137674483,0.0352198987128517,0.0285717397096268,0.028751887922008,0.0289681971500731,0.0370399083936062,0.0319765885925103,0.0383103579130421,0.030854689575401,0.0311149605602926,0.0304698598256237,0.0430134464598786,0.0267282109296207,0.0364351939907125,0.0355393361399419,0.0323157803486177,0.0677358524101838,0.0336567734302097,0.0330792747604543,0.0289728510864844
"TCGA-AB-2805",0.0253979882362121,0.0255395916572594,0.0374872186206499,0.0292049316396236,0.0303927040156798,0.0265454337991134,0.0244270384837912,0.0325035374068072,0.0306177951055738,0.0231718089103833,0.0232258790866404,0.0337164938963003,0.0373042269570939,0.0238238587571475,0.0257469221028778,0.035301835758348,0.0289015888793838,0.0244441817452352,0.0251926353552851,0.0285748312117922,0.0280126457823266,0.109355333511655,0.0232633918013997,0.025250410873286,0.0374093191974162,0.0291344283100977,0.0852014460213353,0.0395107703819988,0.0247418601822308,0.0265998923130563
"TCGA-AB-2806",0.025626287377647,0.0231252917646614,0.0491691870394823,0.0364965759605199,0.0375254192371869,0.0260634932714073,0.0228025677757457,0.0330744152355368,0.0320795911313295,0.0235615022357459,0.0221931358538915,0.0349112751797686,0.0232727381096272,0.0231963098855096,0.0261223476891059,0.035882967507806,0.0446983823836526,0.0259951502502635,0.0263971034741624,0.0296893298497336,0.0280085169630185,0.108802199505947,0.02182953170884,0.0268641086954911,0.0389143814490494,0.0342953267957933,0.049744389195445,0.0334404369030333,0.0255169479884153,0.0307010895821834
"TCGA-AB-2807",0.0234718664585455,0.0204391123542442,0.0273029468710331,0.0266724939220847,0.0278012746025501,0.0279555816986182,0.0205669896533489,0.0242287418881022,0.023760563821498,0.0200060125261081,0.0237603032207525,0.0356799916588149,0.0522208931701523,0.0274091973876692,0.0314098272918766,0.0315230472465959,0.0211575027731819,0.019513633561291,0.0257757717137501,0.030451861269753,0.0296764951337348,0.187247634828999,0.0272778455876794,0.020256582522026,0.0351239080406605,0.0335653789888883,0.0535808493518136,0.0263568938650503,0.0224884640998617,0.0233183344913157
"TCGA-AB-2808",0.027471778208171,0.0288750116456049,0.0336766283153275,0.0337537211939906,0.0298832349597283,0.0263148587451367,0.0258412442117242,0.0336273892385554,0.0289651489852291,0.0255024266901034,0.0262858298317562,0.0313840554553526,0.0651062912823594,0.0258226290111199,0.0266475304057635,0.0313318079519777,0.0277977795657504,0.0299129964690882,0.0289208522583841,0.0280655093527631,0.0270683078500241,0.085776536930936,0.0261816850075931,0.0300878977168985,0.0393265979922942,0.0297104005822785,0.059086948907235,0.0292252151338679,0.0309494312064297,0.0274002548945568
"TCGA-AB-2809",0.0298618754573541,0.029277086183302,0.0330021497761683,0.0342062342833283,0.031506832766525,0.0298255662111907,0.0293691980803723,0.0324843184485071,0.0303815097976444,0.0309356567735927,0.0302834580154358,0.0332079696355604,0.0292231195255789,0.0317624440275611,0.0334986363512225,0.031969713897317,0.0318230999173895,0.0292842424777965,0.0298507031586764,0.0292355983980372,0.0357982218556373,0.0728324120034978,0.029490297180064,0.030689932588796,0.0391774559803075,0.0331129342390264,0.045974387436815,0.0301215067494238,0.0310961933812297,0.0307172454026423
"TCGA-AB-2810",0.026969219848843,0.0261930809110003,0.0402946756356248,0.0380791782591244,0.0309980799431991,0.027775655522855,0.02413441814885,0.0407025395876523,0.0268430286774824,0.0241571653995408,0.0256808901166892,0.0308460824133332,0.0593112465021069,0.030241159600573,0.0297971955733154,0.0332990131959609,0.0298074196314543,0.0301509316907711,0.0285414025369284,0.0296816891674397,0.031072944733873,0.0947512752267533,0.0257655138845061,0.029361312418647,0.0386239240246812,0.029386333483338,0.0267145961824779,0.0334280564616721,0.0297440572880804,0.0276479139332269
"TCGA-AB-2812",0.032017212942216,0.0263024634122863,0.0446246153032559,0.0332461389941319,0.0382497480473556,0.0330745720025201,0.0290114266606096,0.037283944952716,0.0345563095008095,0.0286509696463334,0.0304028019740486,0.0406650125677912,0.0274791218710972,0.0304279461326397,0.0311688030273268,0.0353283500003842,0.0295750238416435,0.0318950570134432,0.0375652666068913,0.0329786173771076,0.042745444610431,0.028884860956834,0.0341492783443128,0.0306293355188363,0.0344764046317926,0.0387368938765581,0.0301758985385102,0.0312748257824709,0.0347690072935949,0.0296546485720518
"TCGA-AB-2813",0.0322006987157818,0.0239441598311327,0.0377314679134948,0.0347334622567203,0.0340406185957067,0.0301955899616922,0.0231702334179862,0.040842358725303,0.032196839976168,0.0240572755395926,0.0222805086435807,0.0375623862582994,0.0469174598036605,0.0279782469403196,0.0279285138375551,0.0388386430805108,0.0257437113547658,0.0324963293256498,0.0267632180444323,0.0327841197954942,0.0430273806106631,0.0700584947950442,0.0225053638724946,0.031157837164395,0.0473697573432032,0.0388133607300558,0.0245073027164733,0.0270607651391675,0.036991959148513,0.0261019364621437
"TCGA-AB-2814",0.0351765812339365,0.0267710951749714,0.0395827614185006,0.0394084769365837,0.0332012984388035,0.0318474220785141,0.0259953060830796,0.0379208455766106,0.0290205086271285,0.0297191928839734,0.0266591817566943,0.0273578251681096,0.0284110197378812,0.0305763293006561,0.0327769351716289,0.0294879388770402,0.031732761771686,0.0423268794069863,0.0319938456824324,0.0303737813090998,0.0271751756117858,0.0669544945480785,0.0299580197604438,0.0321754444446395,0.0407348674954831,0.0284594911328199,0.0422925033451572,0.027905856354522,0.0319528643997298,0.0320512962730239
"TCGA-AB-2816",0.028288465448874,0.0309855443806849,0.0360280031941692,0.0355725975736509,0.0312617398391733,0.0288478500059546,0.0287250142260484,0.0324465500358808,0.0311633185724473,0.0277653644311167,0.0278800642940048,0.0307444656230731,0.0594210221512013,0.0278003640109996,0.0309042629295837,0.0322404937022237,0.0435305156457833,0.0301505331654407,0.0285408668113786,0.032443672416774,0.0286061109372022,0.0613452180786145,0.0270788711732899,0.0300873391297233,0.0401609876110567,0.0322566639578004,0.0288001549554176,0.0392009914856917,0.0270032858441482,0.0307196683685925
"TCGA-AB-2817",0.02684969999347,0.0277553887630413,0.0396417945042908,0.0333743912028582,0.0326082272960123,0.0274249483338693,0.0262378931804457,0.0341573712439269,0.0315769923325159,0.0262287054182451,0.0246184691482718,0.0322217136535929,0.0441306912824165,0.0270107627971628,0.0280432607378288,0.0333303486615304,0.0266505555130277,0.0312284908884344,0.0273588966878057,0.0291474852828771,0.0396088956762438,0.0506860540775635,0.0256879601077969,0.0303634753153892,0.0392859793488209,0.0334386454588567,0.0828071795042217,0.0273317938168725,0.031442598290538,0.0297513314820731
"TCGA-AB-2818",0.0300694177912766,0.0267106224005078,0.0390980716673329,0.0402284103458173,0.0330433922395841,0.0336598294795157,0.0289361579359668,0.0383334442235092,0.0305896055395123,0.0335081295347589,0.025904563454182,0.0336792662954628,0.0266919846842144,0.0298484989837955,0.0324644901104228,0.0319257233345754,0.0345108267375662,0.0386841437805929,0.0296573131035469,0.0350947740192421,0.0305405476049122,0.0340813293860939,0.0272191689000201,0.0447579372982139,0.0331814295935604,0.0316727716683602,0.0453266621652387,0.0331474630999159,0.0364094066834415,0.0310246179388604
"TCGA-AB-2819",0.027805584153728,0.0221848401411121,0.0436823759591857,0.0392981954736738,0.0368992611324839,0.0292234463405184,0.0229882596052858,0.0336528116852662,0.0284582627544261,0.0257299022255435,0.0228374446623723,0.0333935800511644,0.0315073106246857,0.0257824181351095,0.0317245512397189,0.0353449507864117,0.0276914308559773,0.033493462568379,0.0266974225620897,0.0283158190950561,0.0339362528114727,0.108868001313174,0.0219150594104679,0.0383088823169024,0.038110282013911,0.0321759304076895,0.0342376068341958,0.0302527449679789,0.0294388500390764,0.0260450598329434
"TCGA-AB-2820",0.0256434406873565,0.0263260611462522,0.0509362767035907,0.0318125333703642,0.0333680872776324,0.0273118401586029,0.0230939748133805,0.0341618387674025,0.0328188559643039,0.0273888058759498,0.0234118673970657,0.034235248458095,0.0467380071995271,0.0256740300654517,0.0289308030314125,0.0383048465561934,0.0492735835311777,0.0305304340193616,0.0258152840134367,0.0327298994663642,0.0282130733101115,0.0532197531362661,0.0227918135054137,0.0296058560616488,0.0433447938325242,0.032705866947286,0.0563968122061074,0.0273849252918933,0.0277723677659673,0.0300590194398606
"TCGA-AB-2821",0.0253420076025857,0.0246225154646649,0.0378759593764072,0.0330105251004146,0.0315169216917957,0.0267648329734951,0.0233498940896163,0.0350324290328101,0.032008548487598,0.0255982363281028,0.0230341144922295,0.0367234092335048,0.0653465661302768,0.0296492191526334,0.0281919572301036,0.0336041197547066,0.0521719643803883,0.0313249954480042,0.0262899771860823,0.0299376478502766,0.0460623010281294,0.0417684311412159,0.0225393195439667,0.0323954312400019,0.0357814036870976,0.0392464139396591,0.0382385835296993,0.0380437000306549,0.0281224152361392,0.0264061596177392
"TCGA-AB-2822",0.0276580836413959,0.0242019622006315,0.0454722021958605,0.0395415151889987,0.0323258683614041,0.0275457243266287,0.0233156027994651,0.0361944266047584,0.0368425631476882,0.0262312068132037,0.0214482546718132,0.0336327286496755,0.0338230144651778,0.0231522287195648,0.0241653324479111,0.0354174549336441,0.0231551541174414,0.0275433130186122,0.0257521450401813,0.0285511098282689,0.0273161952119919,0.0506621908163916,0.0218068583346314,0.0294215223179757,0.0364444413557878,0.0284904952405996,0.130455485678141,0.0256427181379697,0.0288466971860359,0.0249435045481506
"TCGA-AB-2824",0.0300615822645338,0.0290898779871616,0.0327219112288643,0.0345067497815575,0.033405257860794,0.0310812763873763,0.0292246826100063,0.0336955287960293,0.0301978514578266,0.0284538310775619,0.0302532709997734,0.0313058738836156,0.0296836994777209,0.0289441732837001,0.0309232864660812,0.0318785528129886,0.0304152409752121,0.0292774089501414,0.0310680963640627,0.0296831349239234,0.0341301944047087,0.0801293965732627,0.0301747030956471,0.0299499658018014,0.0384623103282926,0.0325685772177745,0.0455474950762118,0.0316337117865082,0.0297188028754818,0.0318135552513804
"TCGA-AB-2825",0.0329986109172732,0.0328189060570351,0.0336226072898785,0.0341788454447128,0.0323117821607969,0.030820125583834,0.0316596496398079,0.0330179449238822,0.0332077090439871,0.0319021006575347,0.032184599315622,0.0316272306413567,0.0326534634507056,0.0334918198429307,0.0326305731802483,0.0328864320890949,0.0330063826721672,0.0330115185022247,0.0326995441778418,0.0332410344512382,0.0318533229871722,0.0479449814453664,0.032659426647753,0.0328351846493297,0.0367585245347325,0.032942105780153,0.0335372542806003,0.0331300655748614,0.0324225416262975,0.0319457124315616
"TCGA-AB-2826",0.0310386626397071,0.0301004023197161,0.0339098705573744,0.0328066879760262,0.0314102720299992,0.0306019446836615,0.029214429590472,0.0334757989419496,0.0332921622586364,0.0313497769150069,0.0303651162169888,0.0325647113629374,0.0296543647961404,0.032274979315909,0.0306935535694138,0.0345844100295664,0.0336079880662693,0.0306212621102178,0.0302842322106749,0.0309526912513368,0.0317266549103021,0.055220447707941,0.029823334943222,0.0310223300388314,0.034498253970189,0.030843275949336,0.0477012001143354,0.0443502973013274,0.0296248357156351,0.0323860525068765
"TCGA-AB-2827",0.0240013737523728,0.0267440466622046,0.0406647264729415,0.0347783954582148,0.0305864965393068,0.0243955042612575,0.0239172354804424,0.0358812156941848,0.0408898321210315,0.0261232669971395,0.0232837183010461,0.0271655136409135,0.0348753310519905,0.0240964741301189,0.0244554274889785,0.0353130511648165,0.0365109929758174,0.0280859369083822,0.0255588826736846,0.0250606647192882,0.0246361538372051,0.124996143876031,0.0223849193947604,0.025260392013989,0.0478560103762815,0.0246361620481117,0.0251054433081479,0.0596446950795922,0.0243955057107365,0.0286964878610127
"TCGA-AB-2828",0.0270343506752501,0.0248624723599514,0.0510482867777774,0.0408906417587806,0.0347323596938173,0.0276347454274281,0.0248416607279176,0.0352181309917839,0.0293494126954578,0.0272281270843694,0.0243374810517438,0.0372338607245177,0.0405680710946564,0.0268843810710232,0.0289381092343097,0.0382006105208309,0.0355935717965103,0.0401904060285562,0.0267162253523141,0.0328001493756096,0.0316914759621147,0.0424407815220006,0.0238656155690772,0.040806576892629,0.038653228874197,0.0359222165327903,0.0409962418201934,0.0321893369387336,0.0292962081915577,0.029835263254101
"TCGA-AB-2829",0.0292159481130187,0.0263312011527495,0.0480383902241041,0.0458473303740955,0.0393237772990016,0.0272568309817368,0.0253775795384871,0.0327766837392664,0.0320696215017495,0.0264506416285969,0.0261888563252116,0.0353360238200398,0.0434736270165286,0.0258773299219369,0.0282610375732039,0.0363403258163913,0.027024939269299,0.0373277006005529,0.0277918932262973,0.0285473114622536,0.0386542312189302,0.0409058258863759,0.0255369226117293,0.0353133256855634,0.035701672040357,0.0388077596680881,0.0428494968538914,0.0285938955917856,0.0318735894127641,0.0329062314459939
"TCGA-AB-2830",0.0269333674629793,0.0237329123226578,0.0396129527547216,0.0345702955957001,0.0338201246793663,0.0272017711907081,0.0226610944985632,0.0345519264215199,0.0291306702882756,0.0233753578291117,0.0244419180672309,0.0384250851920567,0.0226610785365544,0.0260633856665186,0.0277680305488209,0.0331560244320195,0.028961517706671,0.0294504187031708,0.0263812475857704,0.0298367754785828,0.0375455357928097,0.059846695784534,0.0227738373426114,0.0251571346436295,0.0375360918417064,0.0371685028012697,0.100626856124568,0.0334365916893119,0.0304441900094993,0.0327286090090604
"TCGA-AB-2831",0.0333186736605452,0.031662519664643,0.0334283299022366,0.0324885957613709,0.0342309795708804,0.0349850929848711,0.0319324322720543,0.0318962872183775,0.0332239299851418,0.0322998430719844,0.0322362373394828,0.0362796714367819,0.031442345248152,0.0341319130147456,0.0345040204553968,0.0335603798263281,0.0318393706868508,0.0326311373942608,0.0329022491261942,0.0347918461554296,0.0357707721421782,0.0314461609510896,0.0340013149547451,0.0323509463325266,0.0327414655357982,0.0358224081125402,0.0318900460747461,0.0340123417891483,0.0321492475593907,0.0360294417721094
"TCGA-AB-2832",0.028400443658143,0.030726793622912,0.038967505407794,0.0411795736396882,0.031051853147349,0.028732970591007,0.0257378403285303,0.0356284213732617,0.0286451844146546,0.0263120720691937,0.0254831970973474,0.0298941080373646,0.0868000408187167,0.0271122142480866,0.0314965829509897,0.0321145749845823,0.0263642095141891,0.0438563316208759,0.0286387550362575,0.0301463043024056,0.0314347219691993,0.0375495556001184,0.0245155351508343,0.0443857295413068,0.0340814722597778,0.029065881206887,0.0267830583520957,0.0257192315632548,0.0430821310487862,0.0260937064443909
"TCGA-AB-2833",0.0276537575016971,0.0263242728519034,0.0288195566164831,0.0301964714824944,0.0280429777634824,0.0274530552584147,0.0269351760774966,0.0306350605024511,0.0265621891773079,0.0268147729297058,0.026283663177265,0.0267422089717061,0.0258235624577507,0.0262409260477384,0.0269130838943054,0.0276465058540759,0.0277482276690627,0.0275837734500708,0.0276956155250481,0.0263798062950529,0.026486917535415,0.134780561467444,0.0264781846923416,0.027503984699051,0.0405385502849407,0.0266881284736025,0.0866212262292513,0.0272381209843488,0.0283810487681538,0.0267886133619387
"TCGA-AB-2834",0.0337286137973384,0.033080498786782,0.034104978426844,0.0355976962111304,0.0338001652899807,0.0314375600395637,0.0317400785655314,0.0336148009455198,0.0338161793440399,0.032731391560631,0.0327384885377093,0.0318641653449989,0.0317085198755954,0.0321321803498343,0.0332751610179358,0.0332606077237718,0.0322172481035342,0.0409869047625749,0.0326002198180375,0.0324182724837565,0.032451565330836,0.0324067350536498,0.0317432770503132,0.0342676761669232,0.0328183663027936,0.0320767732581741,0.03360800023718,0.0317796025950939,0.0395019568721722,0.032492316147754
"TCGA-AB-2835",0.0327767912159961,0.0315492891770124,0.033769351341244,0.0358538799450585,0.0338120906056504,0.0319260421225509,0.0321457719504956,0.0368047736003121,0.03209839475587,0.0316573756616996,0.0313468037529797,0.0315733840998897,0.03072706137879,0.0367134619302227,0.0338167512614465,0.0327148486363397,0.0346278134897023,0.0362389268065226,0.0311750555244821,0.0322360975021035,0.0306332558860838,0.0379689173800792,0.0316939300605958,0.0351531642115861,0.0375888284141252,0.0316067281293849,0.0326135464813704,0.0332189401803836,0.034099490267436,0.0318592342305866
"TCGA-AB-2836",0.0304051964752813,0.0318754084855493,0.0349184808035169,0.0341062818448201,0.0337635870713925,0.0311836254374386,0.0317070959468239,0.0367980439823792,0.0324540590786757,0.0304937522899034,0.0312892877074969,0.0328324067220848,0.0313996088413442,0.0320862112069862,0.0314074924288284,0.0332780271629929,0.0380733410482199,0.0320156597384423,0.0329938550393781,0.0317903460950558,0.0320804341727367,0.0484344651090162,0.0308533860046574,0.0317773381358313,0.0381799399059942,0.0321529469042055,0.0324410177621366,0.0345969539306321,0.0319386023502846,0.032673148317895
"TCGA-AB-2838",0.0239669360906042,0.0231109604505147,0.0434711233234547,0.0324213728618784,0.0322182691811702,0.0229986990792367,0.0204091871838408,0.0355163967799535,0.0397416066117847,0.0218058157712564,0.0199234582331135,0.0321068398211738,0.0390864985254796,0.0222393051308933,0.0224796743081078,0.0371393990397302,0.046844118405518,0.0239511688956906,0.0229868022817611,0.0250266045210211,0.032526308971072,0.100328140546903,0.0197935857152917,0.0277904308874431,0.0498403742143841,0.0342026189863931,0.0608776742038409,0.0359377468994285,0.0241626436290679,0.0270962394499927
"TCGA-AB-2839",0.0286404497740804,0.0241392615787204,0.041919783561934,0.0365652088929203,0.033312064630367,0.0341937251674789,0.0230804284716421,0.0316720735439982,0.0327987881290172,0.0259622056125723,0.0230408417341834,0.0367137277329584,0.0490142072494435,0.0300381999164723,0.0396146536995658,0.03307533270741,0.0348727379794769,0.0327448097211166,0.028957345699268,0.0306927686248381,0.0364480050576345,0.0388327157255304,0.0245852583835596,0.0363906106290947,0.0354621016063835,0.0372340333479447,0.0550110362154676,0.0276579392179195,0.030137682441724,0.0271920029472776
"TCGA-AB-2841",0.0315759917723694,0.0296030537106622,0.034734325470441,0.0404742699177098,0.0339631482357803,0.0334234550876062,0.0302414604507016,0.0350880610035649,0.0322982376904495,0.0294952093793028,0.0293701571581701,0.0374125520583153,0.0284195625207113,0.0311106450497043,0.030349220537767,0.0354385029430535,0.0305384789622962,0.0319019223011075,0.031657514189396,0.0366817221239952,0.033024944877295,0.0541045044026883,0.0300872626861105,0.0343095286713736,0.0353692284027447,0.0321190197150699,0.0298290981917836,0.0336404613887639,0.0321244135713598,0.0316140475297064
"TCGA-AB-2842",0.0325658709860317,0.0297003277066965,0.0333209418137613,0.0331756187603715,0.0355923580686526,0.0328784533475229,0.0325136853861524,0.0345801209366618,0.0334171152226141,0.0318593183829373,0.0328317078696736,0.0376599928390692,0.0319233877743612,0.0318876842987805,0.0311874178345008,0.0353395130404147,0.0325466890103958,0.0321040186920697,0.0317112002779499,0.0338215873268387,0.0351018954781039,0.0419944735290791,0.030627933936164,0.0320852124558238,0.0323101023506398,0.0339295948620357,0.0313421798443166,0.0339167090183323,0.0340972803840598,0.0339776085659887
"TCGA-AB-2843",0.0323474425569766,0.0244540940004584,0.0391118372503991,0.0339837905151322,0.0344512754399178,0.0291625719952731,0.0244477596168405,0.0361227495541558,0.0347908317289865,0.0267459642665893,0.0253348920647126,0.0323458142638909,0.0261085063533055,0.0275706004372095,0.0304471197999932,0.0327571685809912,0.0400516183796174,0.0275296918630309,0.0273727033455965,0.0272359553157757,0.036067465573126,0.0669787914995118,0.0260641021689583,0.034993578043791,0.0405435460190911,0.0318992661030279,0.0590834122601752,0.0318726593961298,0.0327179787477615,0.0274068128595747
"TCGA-AB-2844",0.0272559430272522,0.024267015171827,0.0414072273510427,0.0341207365527635,0.03556350358491,0.0280380024506893,0.0245763812132446,0.0381714759235305,0.0342711760158385,0.0266298360128249,0.023955334447184,0.0373235984911386,0.0237165345916779,0.0257065589805745,0.0263261729592137,0.0349595765344481,0.044753796280478,0.026017064206873,0.0259702777033143,0.0282143944341582,0.0383060646788714,0.0675642087487118,0.0239379978345321,0.031767081642164,0.0399815162128818,0.0351548047900528,0.0575075601405613,0.0411504989795858,0.0249783617303622,0.0284072993092934
"TCGA-AB-2845",0.0326503552211051,0.0308398958129593,0.0321263808225176,0.0394340664732146,0.0341053528398258,0.0345333575550167,0.0311411295567643,0.033786088409186,0.0316824922800649,0.0302031312889128,0.0292226569896341,0.0354706781052492,0.029595535344298,0.0318073285911012,0.0323198887029636,0.0340912167245828,0.0332807313100519,0.0332825875223494,0.0319014044264199,0.0404282724072592,0.0311064473443595,0.0447287862945682,0.0305598730156751,0.0335070209521206,0.0363606513043536,0.0341180824843837,0.0312624609025762,0.034158165600644,0.032077090140306,0.0302188715775367
"TCGA-AB-2846",0.0275544427471806,0.0238259629588728,0.0354553476471204,0.0329638379548979,0.0312266841953553,0.0248308243436987,0.0254795421034392,0.0398122292810906,0.0298824583646806,0.0251174837915836,0.0289924203302625,0.0307330722885656,0.0238977710431047,0.0266574728830533,0.0269181358486169,0.0326436897936245,0.0299643211563917,0.02596106916362,0.0263247962054818,0.0269073478700617,0.0287835357684778,0.110753232706217,0.027772655554291,0.0268298152850779,0.041762703585933,0.0289227911787484,0.0636064166013571,0.0359023038595598,0.0290593533078353,0.0314582821818004
"TCGA-AB-2847",0.026708761814783,0.0274571989673654,0.0409601354870203,0.0391490465090398,0.0316465996764014,0.0273935775530862,0.0256500662874747,0.0340029731860246,0.0304193311879614,0.0262677968935796,0.0257001372864785,0.031669173976697,0.0809850385114989,0.0273925299248603,0.0275539808016389,0.0322954896620274,0.0279928524340055,0.0281296426354541,0.0283033338135122,0.0288609415278821,0.0275779134877355,0.0724930759656444,0.0259930817747054,0.0320749064382462,0.0409899688297674,0.0287326274040552,0.0393482245468709,0.0287991138467784,0.0289938292053351,0.0264586503640701
"TCGA-AB-2849",0.021824792382252,0.0265444401131197,0.0850397982455758,0.0473140306254162,0.0319373449277094,0.0206079883441891,0.0202485715123418,0.0303143751884429,0.0314347765139808,0.0203817616379702,0.023957124615693,0.0230120629394988,0.0420787779978842,0.0213021945919212,0.022591009541952,0.0263112622480446,0.0227721986885834,0.0244560738339663,0.0227487570005214,0.0212982614764964,0.0237769419274051,0.0593317709448649,0.0205988712474804,0.0240992007026918,0.0318222738377828,0.0242109733319646,0.138886017194597,0.0282703932616995,0.024141284549285,0.0386866705766692
"TCGA-AB-2850",0.0304616940148101,0.0309092327893142,0.031831014802565,0.0329187095909818,0.0349828890262262,0.0304832942987479,0.0299694262723825,0.0330668262965635,0.0321396839931992,0.0303562636552423,0.0294512085267316,0.0362989114491451,0.0289004215469635,0.0294566270784514,0.0307054165403796,0.0352361333476063,0.0309305286878671,0.0291190790778617,0.0316019824909448,0.0301940824871224,0.0340364297083868,0.0643180663424297,0.0295783437383803,0.0297396877972893,0.0381393041918786,0.0326856233555971,0.0460245221114885,0.0336252905331679,0.0323585806430928,0.0304807256051827
"TCGA-AB-2851",0.0287769936257208,0.027505494590761,0.031281056560501,0.0324399829676852,0.0307280810275635,0.0319572930806152,0.0285960106264962,0.0318851284800925,0.0322079972018998,0.029139126975016,0.0291431698993047,0.0339765707412459,0.0274909261714324,0.0289232792259559,0.0335219947480955,0.0307220390323268,0.0377876845325369,0.0327741245052982,0.0284685724290409,0.0313546795912158,0.0413178510394024,0.0397697582566522,0.0281108502700391,0.0365473938786111,0.0324198012551637,0.0377626901258058,0.0696188195564754,0.0333920588180996,0.0328106661647379,0.0295699046222085
"TCGA-AB-2853",0.0280896001323867,0.0259631401280354,0.0512858214157057,0.0343953675930068,0.0352110312102777,0.0276157605822352,0.0264570232057493,0.0393683991651378,0.0383444083384687,0.0262947550609017,0.0276893637797964,0.0331453824295853,0.027111217412793,0.0275466397653323,0.0295431854059995,0.0333398564229562,0.0344203479388215,0.0304831684208503,0.028574544431769,0.0296257935549283,0.0285820259644753,0.0688511234918223,0.0264232997615876,0.0296614856020931,0.0547469013430608,0.0295946313858737,0.0286606502560811,0.0367144546915448,0.027949178445192,0.0343114426635327
"TCGA-AB-2854",0.0284004458379424,0.0251897392271926,0.0400123349124276,0.0401286735418254,0.0380978884650257,0.0274313208260993,0.0250052701564835,0.0331820607565841,0.0305950931969352,0.026523295930919,0.0238398897370695,0.042432611774423,0.0235803010632513,0.0254609605035467,0.0282469224395729,0.0413922025083285,0.0257272002543788,0.0300301900795659,0.0290098368920279,0.0306961124310333,0.0331622527351337,0.0968180268890878,0.0242718288533967,0.0281037537143658,0.0408639068613981,0.0366269109072621,0.0365904141653242,0.0291102004032091,0.0283165648165915,0.0311537901195983
"TCGA-AB-2855",0.0314713247292331,0.0300295786198695,0.0359171319307987,0.0349334316102328,0.0345474040051906,0.0343324813808697,0.0312540567046489,0.0326241851486906,0.0330555949777882,0.0313730972364417,0.0309699581420941,0.0368356998682094,0.0433974279990814,0.036025935172161,0.0335455555242568,0.034950439692276,0.0310135786328488,0.0334660784286015,0.0319250925658223,0.0355270145539971,0.0342498840471893,0.0310875758812886,0.0303637597323721,0.0324072518133707,0.0328479805722228,0.0357299921413737,0.0313659893229187,0.0309757606789687,0.0336084085405622,0.030168330346621
"TCGA-AB-2857",0.0264625838980621,0.0254734408702065,0.0530623250505427,0.041308836373225,0.0354262839748287,0.0274598190992587,0.0234302942715005,0.0355661341512077,0.0310923771720931,0.0242001595568469,0.0236107560806352,0.044038673773239,0.0713643130148115,0.0243170401944012,0.027343477981561,0.0407087939774477,0.0329906577468013,0.0306252843370087,0.029038323141554,0.0389077518441219,0.0310602446838677,0.0326615847206682,0.0232023490040459,0.033081713051406,0.0366675532309016,0.0354315248064144,0.0259937296157988,0.0381640191745619,0.0279380248116838,0.0293719303912984
"TCGA-AB-2858",0.0273117513259553,0.0253290815782374,0.0497275253955562,0.04208066615026,0.0340093677523739,0.0321960468589885,0.02428507057991,0.0341579239751722,0.0317656033131186,0.0254430352529477,0.0251069384585638,0.0401177656828706,0.0662345171029863,0.0280025115331816,0.0333546176458715,0.0339246590682359,0.0303602437742775,0.0309136420231783,0.029588289780488,0.0363904020643523,0.0435878754667412,0.0302535451769015,0.0265987175091588,0.0318176841796961,0.0341493314357043,0.0397982093981187,0.0269680792418469,0.0314020869956183,0.028634051483757,0.0264907597959317
"TCGA-AB-2859",0.0267627893719226,0.0306140773291192,0.040438616659233,0.0392547653283749,0.0325364505081239,0.0271284833438538,0.0257994683134691,0.0372386537768569,0.0293609898446236,0.0254997197199919,0.0249129494923492,0.0304159821584341,0.0792493478728686,0.0306652213859835,0.0267655476447495,0.0352407480022131,0.0279245844523776,0.0374211315874832,0.0284067820403945,0.0324153555340386,0.0278545855304931,0.052961962140994,0.0252734780490582,0.0314190022626332,0.037560496963707,0.0284459925387647,0.0393583043101486,0.0309128784098563,0.0295638653769338,0.0285977700509504
"TCGA-AB-2860",0.0269636722132752,0.0303514859631782,0.0392241135792796,0.0463141292042302,0.0304541766416883,0.0285795381086862,0.0265743342118896,0.0352621618990033,0.0286054492223533,0.025888818640618,0.0312764496019984,0.0264155663617087,0.0741951263424722,0.0272230988043097,0.0271217603054727,0.0296650580145388,0.0348768810880611,0.0315254643240104,0.0269837372182617,0.029869859125875,0.0263930215810129,0.0580851405851453,0.028382633977894,0.0420139305591159,0.0429946698178724,0.0272025187766942,0.0266524840389704,0.0298269155792577,0.0287076852107657,0.0323701190023605
"TCGA-AB-2861",0.0246497181951377,0.0224100446704071,0.0398770268672856,0.0357249800249607,0.0309782908399543,0.0288553270379745,0.0214435032147592,0.0299659243906013,0.0332869095269736,0.0234473286849869,0.0216838531053539,0.0259995479343531,0.0337187428947103,0.0294207210145895,0.0252315847102062,0.0272026950914371,0.0313342583062228,0.0269054487169206,0.0253153336210096,0.0332091750978804,0.0230283288755591,0.0618494436314449,0.022890973212975,0.02701477588775,0.0470758812727424,0.0244664402216101,0.130154906292987,0.0340102806129248,0.0246852941419736,0.0341632619043089
"TCGA-AB-2862",0.0281551319517432,0.0246372594715156,0.0316773754741949,0.0452653018768079,0.031722648972727,0.0295994246494555,0.0242368847787572,0.0347218772683019,0.0279738305317213,0.0255900678600732,0.0255532815262368,0.0313138474198919,0.0247102928584317,0.0276408666209106,0.0297742207105741,0.0302196367501859,0.026928492048493,0.0267617298437719,0.0286954609186778,0.0307239228641217,0.0335347738855749,0.104951952688802,0.0263952354624114,0.0361540185461851,0.0394436854718099,0.0322966561062596,0.0543349113727714,0.0290554510819266,0.0266995799592627,0.0312321810284035
"TCGA-AB-2863",0.0247885128535247,0.0213014619733018,0.039908871607496,0.0409628442903517,0.0341963548319272,0.024663719036961,0.0223853436554094,0.0379762706578606,0.0411180678148355,0.023436596544774,0.0214120539090987,0.0299079824332891,0.0213286999811681,0.0218323867490998,0.0243476094021987,0.037786839563345,0.0249959502001436,0.0331252111922054,0.0251035796054046,0.0250967104054666,0.0267329160494226,0.155840953038301,0.0209148768299554,0.0327064188345948,0.0374063777334036,0.0279643430821275,0.031455209154756,0.0292640549704705,0.0308266087572826,0.0312131748418248
"TCGA-AB-2864",0.025862857992642,0.0244123893583494,0.0472614181196955,0.0439733406274754,0.0354648529179945,0.0242558768998107,0.0234183481366596,0.032933736570319,0.0265237487792628,0.0238685917600337,0.0256991433227478,0.0300925844560671,0.049529986630947,0.0251523824578215,0.0268817332593121,0.0331156642255035,0.0271742347535953,0.0363020325879202,0.0262047792261505,0.0261664280130602,0.0305711713203018,0.0983519580913201,0.0236163441986846,0.028817295713839,0.037957997097221,0.0303960752270949,0.0455860848384658,0.0289494420304519,0.0270634412274629,0.0343960601597902
"TCGA-AB-2865",0.0239109145365932,0.0259897669735888,0.0353268180630787,0.0434939600140995,0.0295118776369577,0.0293352644505067,0.0212396989691506,0.033141767750901,0.0277042877841054,0.0233097028272113,0.0222270637990081,0.0320383883761574,0.0919990528629324,0.0321199489699671,0.0269041554256556,0.0336445846035889,0.0255073290733198,0.0254841764354693,0.0253050208734948,0.0365976645548319,0.0277785033460376,0.0554094612565706,0.0223129035343323,0.0327808964355218,0.0376382782452608,0.0315698519513198,0.0701921894919104,0.0266069971288386,0.0267402866568607,0.0241791879727293
"TCGA-AB-2866",0.0318833628753801,0.0328118404305405,0.0347652357061683,0.0337710228292774,0.0335498743974609,0.0320365003648784,0.0316855907516351,0.0343083542888643,0.0334493341441405,0.0312559369877722,0.0327243769526243,0.0325337754203376,0.0334105022499838,0.03345389074248,0.0336275079238189,0.0348993685170689,0.033324999796507,0.0324278997441597,0.0326434070415387,0.0324156008418324,0.0327095564019606,0.0398420758455561,0.0319316104607025,0.0327052379794801,0.0340620342484909,0.0331998378792647,0.0340477944530842,0.0352255568606261,0.0325031038727141,0.0327948099916515
"TCGA-AB-2867",0.0285190170795374,0.0249407386427039,0.0364773006388008,0.0319562671359968,0.0331598211159629,0.0283488636857926,0.0269273800844243,0.0429063949335016,0.0350443063324873,0.027713272816744,0.0248924168259478,0.042295444200973,0.023623750433383,0.0275481595792084,0.0315695521283885,0.0362667956006126,0.0429652984498847,0.0306070906366158,0.0280045396596952,0.0298106722200073,0.0444916574262894,0.0561914142003521,0.0244908875271126,0.0294959776371554,0.0503433919498875,0.0379574067440783,0.0263401004401921,0.0403831480669733,0.027778729571819,0.0289502042354723
"TCGA-AB-2868",0.0289309595555472,0.0274448594785508,0.0398301468148807,0.0357668383954477,0.0357096856941121,0.0302065480409019,0.0274385390670773,0.037129031702965,0.0304187947972197,0.0260941871476109,0.0309375733985288,0.0373065951362108,0.0413702257268641,0.0282818914003892,0.0316904594410659,0.0374425337068265,0.0257773272551092,0.0317232310424762,0.0337843506319383,0.0295396381402947,0.0365232336548212,0.0460777396776117,0.0368884902400665,0.033985388267822,0.0350036642938396,0.0327792455911912,0.0400923599639519,0.0279228343897363,0.0337329100885113,0.0301707172584311
"TCGA-AB-2869",0.0267514383558889,0.0249720076687596,0.0376302943499801,0.0397800944501957,0.0335085443379484,0.0290511882411559,0.025930388942331,0.0349316866641238,0.0301853794345905,0.026102840881654,0.0263460559826543,0.0312218167371516,0.0256928222701971,0.0262255248372954,0.0269905355698282,0.0321557099196908,0.0301134228349552,0.0360222301979138,0.0271867659163406,0.032159122063653,0.0283618137221198,0.110165334699105,0.0252810309204251,0.0368486485562803,0.0415123362446786,0.0306704497699514,0.0270132179330699,0.0324098523909338,0.0350088955481208,0.0297705505590074
"TCGA-AB-2870",0.0279567997680858,0.0246382256975356,0.0456069301834265,0.0349766220817569,0.0368164401211001,0.0279413640504512,0.0256030801897269,0.0344174379379737,0.0347695490780619,0.0264122594398742,0.025227233359412,0.0387755465285479,0.026628200663807,0.0269102252385409,0.0307028371793352,0.0366629612774643,0.0363614127256484,0.0330883221898396,0.0279160705411045,0.030640031050553,0.0341714944022179,0.046727886757121,0.0249865971072679,0.035081608154273,0.0362809300188971,0.0369864462569819,0.056464730956112,0.0370331421698473,0.031566722195146,0.0286488926798901
"TCGA-AB-2871",0.0263048514731182,0.0257173195764731,0.0616343607759604,0.0374129239473945,0.0383513942905079,0.0253204735215729,0.0235711069807468,0.0396884140499076,0.0287856509233531,0.0245711172458432,0.0235495949800013,0.0329708891036197,0.0490141079956879,0.0241090860134566,0.0256076499002373,0.0362652294644243,0.0320217927181081,0.0266350531092694,0.0272496787991424,0.0282164592909825,0.0310095971636513,0.0769189407559216,0.0228456342091792,0.0303347344899281,0.0442088832994915,0.0310058259971426,0.0367366646389707,0.0336845203834723,0.0254320978935007,0.030825947008935
"TCGA-AB-2872",0.0289398324840298,0.0268595620871344,0.0352257366447093,0.0325649873805149,0.0320700509831198,0.0307394746595974,0.0255668648770901,0.0350247292855108,0.0304984918879856,0.0272094096280037,0.0306943428640491,0.03503962348446,0.0401216375104909,0.0323327371486354,0.0325777653363318,0.0325682060835951,0.0289152480470177,0.0315374386279386,0.0316516737074011,0.0337694165151213,0.0302565603393664,0.0638529423606688,0.0328196693136333,0.0311874208012528,0.0390694938649689,0.0334565465714857,0.0424645821752773,0.0326552037804001,0.0281224142916404,0.0322079372585695
"TCGA-AB-2873",0.0311285388677388,0.0314676446610147,0.0329624988598366,0.0351762498783017,0.0326297014034749,0.032634363258037,0.0335272366876806,0.0339187620028218,0.0331102484850131,0.0337231374453431,0.0326583075222241,0.0318285926221219,0.0324899185170047,0.0325382289351163,0.0326364259473061,0.0333238332511794,0.0314771134069798,0.0322788487148905,0.0312026515369175,0.0328003693403259,0.0323662573401789,0.0472562802659065,0.0322863856983131,0.0328182157739427,0.0375938617653619,0.032317155962223,0.0341212364321908,0.0330941486623657,0.0315307043263798,0.033103082429809
"TCGA-AB-2874",0.0279080992916455,0.0244672727992116,0.0461879079340559,0.0388462515336924,0.0359025665490616,0.0284674079872765,0.0234649111818359,0.0323508987138983,0.0264906124430866,0.024245880789901,0.0252170468538602,0.0345367170045399,0.0383564169528184,0.0266505697317804,0.0305533044558089,0.0340135400019361,0.0260872161821146,0.0285697061118866,0.0291297520642874,0.0290148699153003,0.0426165650279697,0.0986194708373193,0.0273697535593061,0.0301598225566539,0.0406950799567983,0.0384361020583408,0.0248303618365432,0.0303302404711499,0.0268354066474256,0.0296462485504953
"TCGA-AB-2875",0.0272418325154302,0.0259795997015613,0.0376274855566042,0.039095922112556,0.032450258345606,0.030963238489994,0.0264547432913556,0.039299901296527,0.0334359792205342,0.0282970040152407,0.0260640786959441,0.037327857645033,0.0260766147858494,0.0286103339148706,0.0304417676808745,0.0376832115979183,0.0359326996084411,0.0386848139757514,0.0302194946867938,0.0369665384329049,0.0319898993526087,0.0523238209535267,0.0257546819652924,0.0368118880844633,0.0390062400932234,0.0341296195701528,0.0370656088287069,0.0300955810138108,0.0347964099792242,0.0291728745892004
"TCGA-AB-2876",0.0268111334006786,0.0244465896356579,0.0373875952819709,0.0340934597329209,0.0309925149947974,0.0275577694839601,0.0255702597043197,0.0388648521553225,0.0280940891264565,0.0261303543122128,0.024499523579316,0.0274864411390945,0.0252042871902854,0.029336156562256,0.027337564859487,0.0317573421069164,0.0276061505328074,0.0306253006979933,0.0279270004690149,0.0302999555828909,0.029667777249086,0.059441331368182,0.0245996454416754,0.0286877085975031,0.0360715037415849,0.0291742805707497,0.126856355896653,0.0267954847584103,0.0313169069677085,0.0253606648600881
"TCGA-AB-2877",0.02363245279776,0.0231309692564436,0.0406754819606749,0.0465395884866474,0.0285814615239158,0.0255827421155107,0.0217736247834345,0.0373902677847828,0.0264665147329296,0.021760492071241,0.0216636481163636,0.0304105881251778,0.0334225660083062,0.0264612269632995,0.025287335135571,0.0317037004029426,0.0248208804609545,0.0455452559867457,0.0243021484758197,0.0325186367391445,0.0252140902430921,0.0710379107789036,0.0195418991883278,0.0334734606286682,0.0374942497110939,0.0276788463094742,0.106672041460686,0.0308933801057326,0.0317331093901608,0.0245914302561953
