"","ID1","ID2","ID3","ID4","ID5","ID6","ID7","ID8","ID9","ID10","ID11","ID12","ID13","ID14","ID15","ID16","ID17","ID18"
"TCGA-AB-2802",0.0519072938573993,0.0490016458678674,0.0548667768031302,0.0510507876446618,0.0525128711310382,0.0553996192887778,0.0494399367499401,0.0509917857787039,0.0536276742397243,0.0795712294228399,0.0503439279875405,0.05893442760997,0.0601371534642764,0.0602160959945248,0.0509063825014186,0.0585348154060777,0.0579618080859982,0.0545957681661108
"TCGA-AB-2803",0.0532658327229619,0.0514710549017283,0.0755579424109117,0.0521437668234717,0.054605047419563,0.0524091798344017,0.0524439163175395,0.0529593280588876,0.0534275054493266,0.0559795774480905,0.0530397622540177,0.0536446989212994,0.053025991313279,0.0541347981467106,0.0719021131768071,0.0522941912364658,0.0520012125782802,0.0556940809862577
"TCGA-AB-2805",0.0542701541701053,0.0527282723914441,0.0525850636467076,0.0526731557773698,0.0534254680194434,0.0531810039242158,0.0551332973490726,0.0531289351612012,0.0514648312297993,0.0509568022132606,0.0521002796354588,0.0524024720629838,0.052315464557555,0.0988416992775313,0.0511466478194131,0.0591401380527809,0.0520887699269884,0.052417544784669
"TCGA-AB-2806",0.0505359733597281,0.050624302868422,0.0500274777837848,0.049238567054222,0.0564177862961201,0.0542359026647157,0.0488207460989225,0.0493635616248275,0.050142138194651,0.0893404394526496,0.0504045649729382,0.0573524644142234,0.0552862685021345,0.060464921637785,0.0504890965517699,0.0515425706863697,0.0710397662475469,0.054673451589189
"TCGA-AB-2807",0.0503572525086041,0.0499561088164566,0.0677368029424743,0.0499839676099224,0.053547946549981,0.0890995234887973,0.0511351670049874,0.05848420889594,0.059843249785695,0.0530349598233725,0.0487674691081017,0.0503393178949605,0.0525433225479539,0.048588913406316,0.0614241554007429,0.050432664473061,0.0521386771447861,0.0525862925978474
"TCGA-AB-2808",0.0541960059479629,0.052197637893201,0.052166261086289,0.0537065528900551,0.0540958518847063,0.05443864568918,0.0524314321330098,0.0531076578177895,0.0514763151242369,0.0671411336820516,0.052636304045083,0.0644739737203752,0.0508936954710526,0.0566282134880105,0.0522307397332237,0.0528310003684259,0.0692707690182216,0.0560778100071254
"TCGA-AB-2812",0.0527822706423213,0.0533527130981194,0.0525723024715854,0.0536790250769525,0.0546121539112597,0.0533310148275378,0.0528083382916224,0.0538282334265644,0.0518558926404882,0.0690621061351379,0.0533424994721564,0.0588339645152855,0.052642309276662,0.0586306603866071,0.0515831813099212,0.0548326102466859,0.0689152316961242,0.0533354925749685
"TCGA-AB-2814",0.0539268662655679,0.0535213040756748,0.0582124484452346,0.0526058785426958,0.0532955230410488,0.0545254974159427,0.0538726242686667,0.0534280682391052,0.0549546769439076,0.05737734739533,0.051822275410409,0.0526986731716687,0.0653865225731883,0.0617155691052349,0.053193539388502,0.0621618051775366,0.0556937597862565,0.0516076207540298
"TCGA-AB-2817",0.0482987244822254,0.0480248382043601,0.052429013538842,0.0479336598737723,0.0513851325972962,0.0557060801424488,0.0459366157736789,0.0498806687159101,0.0502888493184722,0.105748642844137,0.0479071670379572,0.0590124332739453,0.0598828538093375,0.0574175066325793,0.048178010878106,0.0573715360442526,0.0595970274632883,0.0550012393693913
"TCGA-AB-2818",0.0532073177032114,0.0537479400649367,0.0542158937324719,0.0523465697067722,0.0529018310684656,0.0524254517491656,0.0533029416427445,0.0513621662915896,0.0534766142932725,0.052687448507751,0.0708085126975083,0.0526035828318583,0.0525529842083758,0.0530135546238767,0.0534551136790803,0.0760431401005806,0.0574066360378841,0.0544423010604549
"TCGA-AB-2820",0.0503493764306696,0.0502375696055229,0.0495610027913186,0.0693549035250008,0.061701231694666,0.05470903290183,0.0505360811546569,0.0516498158855888,0.0545521213388406,0.0721150526822114,0.0503011401209971,0.0587441327136714,0.0571545349038098,0.0524368185844827,0.050416799718581,0.0507223033219411,0.0619847045771736,0.0534733780490378
"TCGA-AB-2821",0.053226265970416,0.0538741061056004,0.0529421410862028,0.0512647594505523,0.0603526706942746,0.052180942550188,0.0524020906596118,0.0533776445770321,0.0537718232026087,0.0687452605184509,0.0538112965470955,0.0530481590575203,0.0520672617930738,0.0535049798847181,0.0534898760480801,0.0529645948733157,0.0759988354835265,0.0529772914977322
"TCGA-AB-2822",0.050894164512104,0.0522211363340694,0.0728702577523963,0.0533591537389479,0.0557647958850236,0.0536136913182718,0.0532767332566452,0.0547627225732685,0.0620489398185669,0.0554734457960625,0.0530503203841556,0.0533016132243568,0.0535881006224687,0.0540237694670481,0.0633177726116617,0.0533242965278659,0.0519617552962778,0.0531473308808092
"TCGA-AB-2823",0.0521101132421725,0.0514917290300722,0.0707702134260338,0.0537870150764105,0.0542029020968231,0.0530244816039778,0.0524952003681632,0.0545988969663726,0.0623078398544837,0.0554686746278042,0.0537832453782888,0.0553337098447018,0.0552283124810597,0.0537366066696593,0.0632455509809947,0.0516601271443055,0.0540391121771353,0.0527162690315412
"TCGA-AB-2824",0.0522125574124656,0.0533527193722331,0.0524830995118914,0.0529399381696162,0.0558640505973157,0.0543098586750132,0.052200582441035,0.0512975574408125,0.0536037701848964,0.0689084392028568,0.0516810347952487,0.0606214095576836,0.0546006273325219,0.05831123336947,0.0525995149804814,0.054667811796893,0.0665453818183924,0.0538004133411733
"TCGA-AB-2825",0.0530734396137853,0.0535556088852919,0.0529913788199753,0.0526869711423725,0.0552557177627909,0.0544015988699256,0.0519099020181879,0.0528776156694586,0.0526635252128896,0.0694816184015342,0.0519780351581097,0.0580686300551421,0.0535668395916943,0.0592012316879529,0.054091703786269,0.0531505696743913,0.0688318943308994,0.0522137193193296
"TCGA-AB-2830",0.0475767019506334,0.0836568265574306,0.0473304719341964,0.0467903478659792,0.04967222139006,0.0516118348625887,0.0473768526647266,0.0480861195996705,0.0483899482681588,0.0697148236719613,0.0487313673322035,0.0523147553460257,0.0497672528448068,0.0947001809525905,0.0502413440775958,0.0539570432672634,0.0555679794766037,0.0545139279375051
"TCGA-AB-2835",0.0525291309603386,0.0516121401003439,0.0530071384577473,0.0525466226699412,0.0546060240583375,0.0531618845921036,0.0516386615325683,0.0523967479837184,0.0536970664041306,0.0715255895136922,0.0536562040166604,0.0594398729811226,0.0535087443713178,0.0597646781595097,0.0525974803365798,0.0525023509819027,0.068624193046834,0.0531854698331516
"TCGA-AB-2839",0.0480711490912097,0.0478171163103604,0.0635898917052454,0.0476503695276019,0.0537218233819072,0.0496318506510253,0.0474562890933745,0.051681773386057,0.0542158447535293,0.0844032038984382,0.0482267464145923,0.0605701804297887,0.0518860543960551,0.0606395882911229,0.0572407671375644,0.0465370877081726,0.0786839202262995,0.0479763435976555
"TCGA-AB-2840",0.052748199641243,0.0527999559488699,0.0519390619491773,0.0523951729585832,0.0542797298802755,0.0585603232782571,0.0513122895357518,0.053330224468176,0.0518424081883537,0.0774954793415559,0.0522083405489358,0.0592072621383395,0.0549714451990826,0.0529995677073292,0.0539791943222746,0.054680928250455,0.0585678364494411,0.0566825801938988
"TCGA-AB-2843",0.0525451045946034,0.0540773417870532,0.0530004635741831,0.0766802135238869,0.0567579647205966,0.0589929837147247,0.0541587312937004,0.0531284067523853,0.0555711558446654,0.0539072900762543,0.0529362991438052,0.0568374763556555,0.0520056174299446,0.0532822803208039,0.0533054337320035,0.0533643929568262,0.0570347915142874,0.0524140526646204
"TCGA-AB-2844",0.0524107994890261,0.0516941677222158,0.0527873895904458,0.0513874495901113,0.0543378296616196,0.0563268498949307,0.0525977476783675,0.0534154578756569,0.0526350059428848,0.078751048980883,0.0534196912730008,0.059364771161277,0.0521234533225466,0.0541008830236666,0.0522578160842009,0.0556750452106594,0.0596017542614718,0.0571128392370353
"TCGA-AB-2845",0.0510258254067024,0.0488965297829495,0.0722933020286465,0.0848493846567916,0.0575955323307394,0.0502169692826065,0.0518371067899655,0.0522730103611617,0.0599030170834444,0.0535901764167116,0.049060927946566,0.0522915991426041,0.0521789250732564,0.0524252162604436,0.0595715313405518,0.0495292283832338,0.0495844363779941,0.0528772813356312
"TCGA-AB-2846",0.0472759987031991,0.0482407920002955,0.0603662966707171,0.0478525578417658,0.0519223622085804,0.0533946518613832,0.0475802139871175,0.0511196308983003,0.0695838975549267,0.0754167846827724,0.074402549545905,0.057122829423158,0.0520854070194781,0.0492318760758739,0.0481629924129039,0.0554346615246942,0.0570757183135311,0.0537307792753978
"TCGA-AB-2849",0.054145158297346,0.053715349819278,0.0575227640939489,0.0534610086588245,0.0548236509451859,0.0537778514464126,0.0531438133066471,0.0540894109094409,0.0550721422765529,0.0582759912237823,0.0520616552198618,0.0538823737957503,0.065577324683952,0.0623832100852151,0.0535374056502827,0.0591701285495304,0.0534530946512617,0.0519076663867268
"TCGA-AB-2850",0.0497604224298074,0.0507138027937504,0.0492641794167206,0.0491807876139284,0.0500749529289284,0.089375215052949,0.0518710311919,0.0857139382059141,0.0504658811385063,0.0590833097526744,0.050898676266037,0.0509303367204646,0.0537015297597059,0.0501009366971131,0.0505364699287321,0.0524975133799477,0.0518297595162994,0.0540012572066212
"TCGA-AB-2851",0.0533969495437212,0.0532831025681738,0.0692230445750539,0.0519625041223102,0.0550485688622085,0.0537902339374395,0.0534674433180776,0.0563477967102636,0.061646298652678,0.0571812051402214,0.0550507684509483,0.0527232492747409,0.0536897901599918,0.0520955254973969,0.0632126415990629,0.0530777996755968,0.0502596704408688,0.0545434074712459
"TCGA-AB-2853",0.0528297274796378,0.0521240042028028,0.0526221002371929,0.0528227872869252,0.0545031080305885,0.0577382374478218,0.0529455005646717,0.05395037356485,0.0512613313153271,0.0746306920640721,0.0530602909638997,0.0593493953011785,0.0529408658994829,0.0530807646545394,0.0529784247756382,0.0541243590767852,0.0604214951255211,0.0586165420090652
"TCGA-AB-2859",0.0479942450674733,0.0473607411012829,0.065567246074877,0.0760150103248338,0.0559428510458414,0.0494827363772245,0.0494917597809881,0.0521240169398105,0.0568338968348897,0.0684476917702747,0.0489505616652036,0.0539396900614161,0.0512946664015295,0.0532124491631598,0.0585539007501056,0.0476980820184431,0.0648719441455756,0.052218510477071
"TCGA-AB-2860",0.0527281970415629,0.0531365136780749,0.0537354089168194,0.0533308979682575,0.0541577754811794,0.0553264683499076,0.0528830798327673,0.0533571363633338,0.0520855581242297,0.0775963355950317,0.0510244038232701,0.0592924557089804,0.0558691993272521,0.0546125095528348,0.0517071229487528,0.0525760085866218,0.0587211736072458,0.0578597550938781
"TCGA-AB-2863",0.0540146952589275,0.0553016690743527,0.0534801173928497,0.0563821187302053,0.0668592327639671,0.0539199355286137,0.0520489975441218,0.0616084741005813,0.0544038970222625,0.0543887016122177,0.0511114610201377,0.0589565112469127,0.053859930097309,0.0544365964965909,0.0523595521992273,0.053664792527608,0.0575729445683227,0.0556303728157923
"TCGA-AB-2865",0.0517251913539516,0.0537361990799374,0.0529330588981106,0.0534317319824313,0.0557967049094933,0.0534782996144461,0.0521778188351337,0.0542392204417166,0.0523316399741619,0.0629202507827313,0.0520309182474231,0.0559080009260096,0.0580978340196294,0.0637147292018849,0.0525863145628069,0.0538984878585933,0.0674947944414667,0.0534988048700723
"TCGA-AB-2871",0.0536930270104442,0.0525768043226243,0.0523358161775763,0.0516454756598471,0.0533623695951975,0.0579377866726094,0.0537517376844717,0.0530191089782649,0.0524834805125276,0.0762419554876488,0.0531066506578834,0.0584482339100847,0.0529696779628674,0.0541683307665263,0.0522943630066109,0.0522852719810244,0.0606746255947123,0.0590052840190788
"TCGA-AB-2872",0.0519609462305036,0.0509336048166666,0.0551208108942851,0.0517289376054186,0.0534945967563309,0.0529928217641061,0.054775872806562,0.0520760091539222,0.0534669667066054,0.0581687271201377,0.0811654615091788,0.0532653857136359,0.0529470308428664,0.053213288196272,0.0517119332565545,0.0623868745432098,0.0572195070609163,0.0533712250228279
"TCGA-AB-2877",0.0523853059986427,0.0516811389375506,0.0534192111869698,0.0518268532651478,0.0545287182307517,0.0577015709483326,0.0522871130189015,0.053238705968587,0.052427197877453,0.0763484247756462,0.0525597604997145,0.0581180483013571,0.0544230389865955,0.0540298209111644,0.0516303298979415,0.0539692306528369,0.059936280202167,0.0594892503402403
"TCGA-AB-2878",0.0529500556939401,0.0518297226979225,0.0549292420467702,0.052113733214045,0.0582613944261728,0.0516500312308524,0.0539794568049209,0.0522545615954676,0.0564185923860078,0.0524232729681832,0.0527245750384779,0.0536463571013328,0.0815102274098972,0.0520659361285897,0.0564841655724276,0.0508365035496871,0.0533075068996728,0.0626146652356322
"TCGA-AB-2879",0.0501099320589068,0.050254919730598,0.0575904050972137,0.0512084784812149,0.0538186782188238,0.053312602820238,0.0507252454602608,0.0526757181563754,0.0714500623336401,0.0680470081771681,0.0500439705680341,0.0586062539727777,0.0549718753242014,0.0577093274302363,0.0522216606951681,0.0495893533247468,0.0660326427599345,0.0516318653904614
"TCGA-AB-2880",0.0490835640588598,0.0506148061314468,0.0517508503938028,0.0503323978679727,0.0529897563546515,0.0529523456787882,0.0517095121325199,0.0496057216475646,0.0515077040826106,0.0711921132709575,0.059291763322383,0.0555150452549061,0.051349515330266,0.0519504228932137,0.0492874013847367,0.0740720281688357,0.0713041494440786,0.0554909025824058
"TCGA-AB-2882",0.0536647922942321,0.0522913101740114,0.0713318903179328,0.0534690528778354,0.0545463404192583,0.0541709597505172,0.0522586517493924,0.0553758618655009,0.0605779250612789,0.0545738188376217,0.0537076045521203,0.0542179198309717,0.0553426656990038,0.0530533867751577,0.0637060298178394,0.053667731548566,0.0522596430418955,0.0517844153868645
"TCGA-AB-2884",0.0608188977379932,0.054300826188372,0.0542745732120241,0.0514768841125794,0.0542656727548667,0.052009181487836,0.0715248110948498,0.0528887805209249,0.0519324976650292,0.0538612260459932,0.053920514022312,0.0588330566264014,0.0514137556597829,0.0544962240213723,0.052338303055933,0.0633352845356685,0.0558595830498703,0.052449928208191
"TCGA-AB-2885",0.0525427782716037,0.0523506926905669,0.056414425950378,0.0537754115330317,0.0536784272993967,0.0522552405874845,0.0527114636518815,0.0528668393323759,0.0538265791566038,0.0552669353238413,0.0809589001372573,0.0526390833029357,0.0539877871716353,0.0534259123779817,0.0529383758146501,0.0628382870863549,0.0566422057867531,0.0508806545252681
"TCGA-AB-2886",0.0569874923092837,0.0521145777919391,0.0605775261741593,0.0511443323965736,0.0509680867703262,0.0525974159812057,0.0684214062676159,0.0532071818237929,0.0714716673052847,0.0535222920539139,0.0514582441746293,0.0576520974839709,0.05298778171897,0.0513421372990741,0.0524127866234363,0.060199720724749,0.0528035891255229,0.0501316639755524
"TCGA-AB-2888",0.0530565771182414,0.0519416041636386,0.0539438661077096,0.089042489687948,0.0569358070831534,0.0561981075553799,0.0537716249737666,0.0540115487556893,0.0529298992215126,0.0522556943080269,0.0538150467228381,0.0528119375626442,0.0505472815991383,0.0543090470174158,0.0523390705572831,0.0527329651436799,0.0560595103122739,0.0532979221096604
"TCGA-AB-2892",0.0538139943190605,0.053512019954814,0.0590321500846006,0.0520405117872612,0.0551847739553149,0.0543574946570023,0.0534070285106029,0.0539801612595257,0.0586021486733422,0.0574253171600045,0.052738070898761,0.0528664595828439,0.0639517724018133,0.061482884593458,0.0505837501169383,0.0611104668072404,0.0532716606263639,0.0526393346110523
"TCGA-AB-2895",0.0545167698936601,0.052421066567573,0.0525007522918819,0.0514063858332317,0.0533372553787262,0.0560022499243901,0.0529764242726968,0.052996234452651,0.0529645872806598,0.0766144745168781,0.05259147559937,0.0585275394135048,0.0538734097656223,0.0541733503140421,0.0538358529186215,0.0547743039462606,0.0591170267238955,0.0573708409063345
"TCGA-AB-2896",0.0574121098193055,0.0516362695125143,0.052291245360322,0.0496577759172518,0.053924782085017,0.0523948086501939,0.0654263044445994,0.0514129130221139,0.0493014452029516,0.0668227589084362,0.0521678052104374,0.0601640048024538,0.0518516370300443,0.0545621381228682,0.0511948371164817,0.0608608543946182,0.0681217340692969,0.0507965763310939
"TCGA-AB-2897",0.0535789452427626,0.0538584539862127,0.0577855852568916,0.0519779948106675,0.0548092191565042,0.0542136461178661,0.0540602506369361,0.0541724733654002,0.0569276321571897,0.0577833261385457,0.0531075890167064,0.0538256195556368,0.064708140761918,0.0604870277074951,0.0533847982335858,0.0609261269013934,0.0518072478558802,0.0525859230984079
"TCGA-AB-2898",0.0504622750404578,0.0513100738458181,0.0505597056052024,0.0725536882816615,0.0597733211275944,0.0515989745082877,0.0529351580971288,0.0519388217941429,0.0492887825318811,0.0808299213487904,0.0489704695007405,0.0509560202188216,0.0499748374858707,0.0534744187564298,0.050491396098034,0.0516621515951206,0.0726749156628197,0.050545068501198
"TCGA-AB-2899",0.0535988045870849,0.0538914120599576,0.0518729221304224,0.0780241602837992,0.054703348164343,0.0541782568849748,0.0578320099325921,0.0537738876766308,0.05321800755682,0.0630801602643778,0.053933606511409,0.0519070062697242,0.054050499304238,0.0530027906658944,0.0518650316300981,0.0522279771413831,0.0539757223468846,0.0548643965893659
"TCGA-AB-2900",0.0520141122571435,0.0516744617379035,0.052155975851657,0.0528096842095403,0.0531490302512673,0.052931973948378,0.0534473823810999,0.0526588520458449,0.05120244533513,0.0531869388086893,0.0786528295390923,0.0537533081225147,0.0533979421992497,0.0534838862976803,0.0519437989474814,0.0749667218127608,0.0553793792713876,0.0531912769831795
"TCGA-AB-2905",0.048604640866131,0.0495890257743971,0.0568837097262897,0.0518611219066652,0.0539946087315779,0.056260026318892,0.0503978323307055,0.0532359138862778,0.0717606009310842,0.0736092011016534,0.0508784750373039,0.0595426346004038,0.0536611986976845,0.0531683130881865,0.0521005162773803,0.05048515871676,0.0587575527674273,0.0552094692411801
"TCGA-AB-2908",0.0510999079790175,0.0523293761363536,0.0595507799971909,0.0507643149075338,0.0610497592864377,0.0514441603640504,0.0509466004891753,0.054975343015476,0.0861252527017898,0.0533561344462902,0.0501140180967486,0.0574696678497353,0.0576358763607563,0.0520808091787678,0.0546753864961038,0.0494723463170614,0.0501818839131768,0.056728382464335
"TCGA-AB-2909",0.0529228411709454,0.0517672895299244,0.0539714068583485,0.0516927896107558,0.0552153722555943,0.056216453166611,0.0514153556241864,0.0535029330309284,0.0528400106610606,0.0756114650452409,0.0520152406409815,0.0574988887586106,0.0545809114429967,0.0540232063267361,0.0534433849801371,0.0535340016112813,0.0606807015849168,0.0590677477007443
"TCGA-AB-2910",0.0529881945710105,0.0536569338636874,0.0509902244259174,0.090376926317152,0.0544518691608299,0.0551020976414635,0.0568075583144015,0.0529366636696935,0.0543996730414664,0.0511038584423806,0.0537377508687392,0.0545642029025689,0.0516290034036587,0.0542756028964131,0.0517975737020517,0.0537620880545219,0.0525039127312874,0.0549158659927562
"TCGA-AB-2912",0.0518785771625029,0.0531676064183324,0.0584124841246463,0.0534273459999912,0.0563718172382921,0.0518110224103229,0.0542664807885861,0.0527149301645979,0.0530555007053539,0.0524311038874576,0.073935280277508,0.0520507853220174,0.053358674617095,0.054828284419505,0.05206153998377,0.065370121617316,0.0594411611889318,0.0514172836737735
"TCGA-AB-2913",0.0502238498530483,0.0532214868703275,0.0527297062643262,0.0513213505272367,0.0550645249364673,0.0555328409576725,0.053211130524052,0.0524063052583885,0.0530900305550072,0.070196053757917,0.0518181268354596,0.0574425796279536,0.0540139664097168,0.0583107954239247,0.0536131672062501,0.0542841303259644,0.0723332397350612,0.0511867149312265
"TCGA-AB-2914",0.0532360292522241,0.0511306458572099,0.0547270795119345,0.0524356773581643,0.0532743497141995,0.052332023289758,0.0533663647214334,0.052988834705247,0.0518375369942127,0.0528096846928099,0.0652116710528526,0.0534128290077043,0.0522883271266773,0.0543392470608032,0.0512853974123545,0.0785851449211423,0.0642577298412893,0.0524814274799833
"TCGA-AB-2915",0.0470300936820844,0.0483686342842917,0.0524086205957226,0.0535907848842441,0.0659940616352079,0.0535944823868171,0.0499630778005131,0.0541431462171054,0.0495569239629747,0.0718486615561657,0.0653194063691841,0.0627398365591979,0.0505112031833344,0.0503965468498608,0.0466409543459018,0.0650487978292857,0.0589857212502006,0.0538590466079081
"TCGA-AB-2918",0.0523307737597082,0.0534432280869923,0.0526684169065789,0.0540937099375707,0.0528617203942856,0.0530283437518123,0.051907130323061,0.0547900470829358,0.0524609740438408,0.0959598171907114,0.0527895154509483,0.0523335804270949,0.0555554767466371,0.0565038918277465,0.0526117996471618,0.0529553898876173,0.0535674808405266,0.0501387036947705
"TCGA-AB-2920",0.0492972626893714,0.0494208482610142,0.0509092218403449,0.0507224869351418,0.0546515087740024,0.051236808806195,0.050207710164291,0.0499979575241711,0.050046454852397,0.0865640700257656,0.0499477111967731,0.0614958061108068,0.0506404849227754,0.0607712000444,0.0516574283988228,0.050585596780118,0.0847708822686726,0.047076560404937
"TCGA-AB-2922",0.0530509799934121,0.0533391271320058,0.0525268294586977,0.0526733181944515,0.054344220903211,0.0538999201578865,0.0590925437576901,0.0516451147831712,0.0534856720610709,0.0530806221266035,0.0577698088128576,0.0540445597906742,0.0529900375945498,0.052648380241933,0.0520649339775908,0.0774402225145586,0.0624210708699004,0.0534826376297355
"TCGA-AB-2923",0.0517931021502903,0.0510923678557124,0.058318094659109,0.0516986385440535,0.061105080160346,0.0516564620454111,0.0496862794577254,0.0526009943652326,0.0641667730083664,0.0582210521025206,0.0503412810054072,0.0533521476640392,0.0662635854804363,0.0604916409082293,0.053194938373221,0.0583925487433576,0.0516291729555482,0.0559958405209938
"TCGA-AB-2924",0.0502627765561469,0.049170489503641,0.0689588132537686,0.0491787984237608,0.0554400148883469,0.0502680004420469,0.0489096529084304,0.0539760717507707,0.0589943889111152,0.0711471155462799,0.0501493549439287,0.0568150933830826,0.0526317871449598,0.056749678433611,0.0597752650915912,0.0500829815832241,0.0668332585530083,0.050656458682287
"TCGA-AB-2925",0.0513205088266785,0.0532498874529369,0.0547891841760441,0.0527068651730381,0.0534913821825651,0.0569536924493535,0.0532984241868966,0.0536630485994294,0.0518674794252428,0.07549099747718,0.0518398220847693,0.0589444297843528,0.0538794294049313,0.0517572825794449,0.0523769267553665,0.0548383502917097,0.0606351093506533,0.058897179799407
"TCGA-AB-2926",0.0538319901465481,0.0528666341385904,0.0554449816756273,0.0529406667596149,0.0526987625365739,0.0519055854629042,0.0577677346297445,0.0512230760472788,0.0524921764370285,0.0523398332239163,0.0598001886997533,0.0546380891019728,0.0538159452317017,0.0533497026753295,0.0531122080239295,0.0761402655031152,0.0621466315648317,0.0534855281415395
"TCGA-AB-2927",0.0526887571503936,0.05226913972291,0.0508710516809536,0.0518786799204858,0.0530243681500236,0.0536472606212903,0.0521340901521667,0.0527319872062037,0.0539391664147448,0.0521169628088651,0.0800824114553856,0.0524272488148215,0.0536124665702637,0.0542418632330631,0.0519060197864719,0.0730003298267797,0.0545506060853857,0.0548775903997917
"TCGA-AB-2928",0.0517367467627798,0.0524941480298754,0.0717643695367843,0.0521494685057352,0.0542231418155566,0.0523587918010549,0.0540323159222894,0.0555066976739346,0.0627263322258993,0.05605138862227,0.0527721765775702,0.0544550997292204,0.0541858706532476,0.0516555755389916,0.0655277805802861,0.0524372642877,0.0514207821483539,0.0545020495884507
"TCGA-AB-2929",0.0540953233726931,0.0531751622361185,0.0527511097441461,0.080326862441963,0.0535284445944988,0.0548637596405046,0.0547768464918504,0.054057700937723,0.0547497454110906,0.0661187054885189,0.0512535920176506,0.0512122857352409,0.0522799402869561,0.0536730558270505,0.0529181448646417,0.0533413856261649,0.0531708015150831,0.0537071337681053
"TCGA-AB-2930",0.0496033739291226,0.053110146317635,0.0532350219645682,0.0848102934494344,0.0524653618185605,0.0506970235179778,0.0541891838114567,0.0504736473199403,0.0534259128881705,0.0528632593356601,0.0776659415516279,0.0510385579802145,0.0521424266814813,0.0510385054559024,0.0505633238068391,0.0598200189926555,0.0516553641369216,0.0512026370418315
"TCGA-AB-2932",0.0516919468791192,0.0522378278143387,0.0506401152647484,0.0737212786433409,0.0525100600462805,0.0496711849361531,0.0570773267274542,0.0514093770398715,0.0516646540998407,0.0548895384584916,0.0500121964241886,0.0527169799677604,0.0509894635699698,0.0937499540227754,0.0496999889302743,0.056935532225031,0.0512107819608098,0.0491717929895519
"TCGA-AB-2934",0.050110151477585,0.0500614077103894,0.0507435539832728,0.0495417416233167,0.0554753243539734,0.0538423987517636,0.0487472560523028,0.0506811048195982,0.0502711931152271,0.0874874701233461,0.0504685900715013,0.058454012251362,0.0547993588649268,0.0600638726716447,0.0510853725245161,0.0512830135540346,0.0725095904669926,0.0543745875842467
"TCGA-AB-2937",0.0477831023881668,0.0474153818434206,0.0619050795063327,0.0486631494519597,0.0600445894665598,0.0495005339399551,0.0494828464303446,0.0511511884942088,0.0692819589138686,0.0633789464758088,0.062754439268553,0.0504149700853461,0.0525404692555468,0.0496770498246751,0.048666116801123,0.0608494671069115,0.078956227970859,0.0475344827763602
"TCGA-AB-2938",0.0490790989039118,0.0484242451451342,0.0922597582065864,0.04904086433571,0.0581473091139022,0.0483473832800066,0.0470011264442064,0.0538239664915449,0.0751039698530734,0.0531978023677107,0.0481953920040388,0.0512722819078122,0.0541402783832965,0.049176982311925,0.0700141141010615,0.0489400460964045,0.0485852370411997,0.0552501440124752
"TCGA-AB-2940",0.0531195538726923,0.0534638629456137,0.055968859449921,0.0521505558969314,0.054247893271792,0.0532684077572214,0.0883717864798815,0.0525250822245792,0.0530621598027121,0.0536352926583662,0.0523268579108824,0.0569946513601175,0.0538794770444717,0.0524485658926112,0.0544035666280975,0.052460472608584,0.0539624024145236,0.0537105517810011
"TCGA-AB-2942",0.0531965119930601,0.0521867806695092,0.053977354093093,0.0539812866492447,0.0533380060378879,0.053387561854596,0.051937080974523,0.0542075927035666,0.0524805989535284,0.0921691574735456,0.0528880631776854,0.0532800946520514,0.0532254438404143,0.0566712043075005,0.0514536469322724,0.0532499120521423,0.0549659543311173,0.053403749304262
"TCGA-AB-2945",0.0494677984681952,0.0504229575898653,0.051476566669673,0.0498117623802771,0.0530613800281363,0.0601702713727477,0.0507172101395827,0.0834330352480428,0.0491085151550095,0.0653960807156273,0.0502935068230517,0.0562872999763591,0.0514863909469495,0.057937431188896,0.050307229495151,0.0501766837099254,0.0685772646760088,0.0518686154165016
"TCGA-AB-2947",0.052909696997154,0.0521098962313591,0.0537260026967351,0.0525404598713974,0.0541510008395675,0.053979302230417,0.0525001082518699,0.0527257719265194,0.0541221948449006,0.0707825877956055,0.0525784486572575,0.0593787465582639,0.0533913588066061,0.0578185467633815,0.0525647448084136,0.0529211105170826,0.0702184053520751,0.0515816168513941
"TCGA-AB-2948",0.0597894034009888,0.0549649717605566,0.0564069427706187,0.0525470528692859,0.0525692343288115,0.0528274277218685,0.0721926939058463,0.0523984061863583,0.05202718792286,0.052247581115683,0.0532062582981588,0.0595832902535466,0.0532475387458098,0.0535953867709327,0.0528449404974194,0.062979325800106,0.0550061591043316,0.0515661985468177
"TCGA-AB-2949",0.0496676308472374,0.0512720768626827,0.0522556767252718,0.069096658669437,0.0651923656217187,0.0493174195320722,0.050630080275844,0.0544249543020852,0.05462189883078,0.0502475017143914,0.0492762081529956,0.051290775551379,0.0862558663861101,0.0506914715610349,0.0538764921248992,0.0505056160266088,0.0536893840262893,0.0576879227891628
"TCGA-AB-2950",0.0493377951301503,0.0507899146326512,0.0600350191854249,0.0821484267941327,0.0551457057262927,0.05116826815838,0.0512096748727438,0.0551420356599899,0.0719901477404465,0.0535481810015797,0.0505080542342528,0.0540939684403911,0.0556573310241679,0.0539911781211886,0.050244868256262,0.0506376511242031,0.0502540972057596,0.0540976826919833
"TCGA-AB-2952",0.0522738451549758,0.0511048886444399,0.0541490728244737,0.0718701471236097,0.0612235638831076,0.0520164813725923,0.052997687861502,0.0546392386430721,0.0564028410635585,0.053011926259009,0.053327149773013,0.0559090514426748,0.0605535985698865,0.0533267584333973,0.0530843652939378,0.0535560938956677,0.0580267705154515,0.0525265192456305
"TCGA-AB-2955",0.0509329918117261,0.0495345599779504,0.0687140373327184,0.0482503184368771,0.0544939384097809,0.0520548054866522,0.0511099299796474,0.0528005990042887,0.059500922574674,0.0647342794466941,0.0503070818300473,0.0631168027925031,0.0533730920610508,0.0537685140170963,0.0603943095430989,0.0501381131783456,0.0649044612135594,0.0518712429032893
"TCGA-AB-2963",0.0526411189546454,0.0530481402686991,0.0730572934713756,0.0526979106931594,0.0543787501746004,0.0522990134344726,0.0520034709222112,0.0566850591725662,0.0602584923863764,0.0557025358336996,0.0525043992925479,0.053478074938648,0.0537094354962624,0.0533581796614464,0.0644545182082491,0.0536182972302495,0.0520578595453469,0.054047450315444
"TCGA-AB-2965",0.049314092823854,0.0499206500903203,0.0714659954330937,0.0496798977420405,0.0555655553691193,0.0534838369586709,0.0509057579658953,0.0502188356702036,0.0515197487279313,0.0716678117185213,0.0494887146884592,0.0550417159334361,0.0514029760668647,0.0555319671352804,0.0681263238472886,0.0505931710744034,0.0659900232384109,0.0500829255162065
"TCGA-AB-2966",0.0511034535647949,0.0518780888353563,0.0759893219367041,0.0529382515901567,0.0564349839527742,0.0539323803427845,0.054297340014639,0.0536985962497159,0.0526392946944445,0.0549115312001101,0.0536344516181669,0.0531959898878633,0.0530127143582534,0.0523909846471069,0.0694405199383559,0.0543830234079106,0.0527256702948413,0.0533934034660213
"TCGA-AB-2967",0.0463696339326465,0.044407162536538,0.0505037832716287,0.0624620553853658,0.0579838202236097,0.0486566742028782,0.0460089127803969,0.0503862990086156,0.0527468827573231,0.0652411727707108,0.0605701018717121,0.0521258544329398,0.0642275434339363,0.0583442252990942,0.0464447241709499,0.0761594315244547,0.0727247650601168,0.044636957337083
"TCGA-AB-2968",0.0560667456314905,0.0528590272498899,0.0613791952035782,0.0510436213546546,0.0510482595602549,0.052218089793289,0.0664217140814801,0.0529022732871146,0.0707107672153807,0.0512789903184689,0.0504358986000818,0.0600421360503572,0.0551923768774726,0.0531739387024183,0.0541662993163432,0.0586241220014665,0.0533861511208823,0.0490503936353767
"TCGA-AB-2970",0.0512772063313395,0.0493202265093678,0.0575441020443372,0.0501459270127719,0.0525306068688492,0.0567798700113065,0.0516286228277713,0.0530355365756566,0.0694830395826765,0.0741791366241362,0.049854008203141,0.0609724585134036,0.0575334918670779,0.0533990740590497,0.0517994528630023,0.0494399874881103,0.0557434151856622,0.0553338374323403
"TCGA-AB-2971",0.0529615252139617,0.0526684094184869,0.0564255290824755,0.0536540127561213,0.0628745672400334,0.0523703885601306,0.0539176045713042,0.0578212790012474,0.0632145258758915,0.0549556651525146,0.0528830068941534,0.056680511797651,0.0570924786575639,0.0536936460923669,0.0555956454088903,0.0513871530924449,0.0525760560623401,0.0592279951224221
"TCGA-AB-2972",0.0526400702711169,0.0539608943263726,0.0540925191128005,0.052263101026022,0.0534048737277895,0.054139521648383,0.052988885955107,0.0537354430368399,0.0531356607428597,0.0682958617349238,0.0534955173974018,0.0569176339958221,0.0528088436130212,0.0572175531948518,0.0524821500061942,0.054104192198827,0.0704896544986173,0.0538276235130497
"TCGA-AB-2974",0.0521990547204137,0.0526162855842356,0.0526213534395215,0.0534401431603977,0.0562788884775268,0.0544808490176149,0.0532615008576541,0.0532085582464447,0.0529557208268464,0.0682860611223258,0.05398653068673,0.0583022708932318,0.0536390400876174,0.0583291392396469,0.0510099794923299,0.0535068978130085,0.0693338688357042,0.0525438574987502
"TCGA-AB-2976",0.0780362323431771,0.0463152052165927,0.0491172977536859,0.0466544279869909,0.0505218417066037,0.0543970100736135,0.0484559306090383,0.0475629341950995,0.0482009980293948,0.0955852012048679,0.0491569076591847,0.0600725154949303,0.0494722884392098,0.0599838925625849,0.0476612511081201,0.0512139018664584,0.0612177430317499,0.0563744207186974
"TCGA-AB-2978",0.0544904070986488,0.0515586393660918,0.0569454569516574,0.051752228458181,0.0545619473864736,0.0554012187380864,0.0528996715164057,0.0544203368229079,0.0563239846644215,0.0580087200607512,0.0541574760546533,0.0525850770054313,0.0643124662809319,0.0619448888568902,0.0534547848735192,0.0603713288536601,0.0559850372203981,0.0508263297908906
"TCGA-AB-2979",0.0805189129307691,0.0473904996178029,0.0503520735664345,0.0784139421585231,0.0533299306979128,0.0585468789495724,0.0483802565334399,0.0802537698682092,0.0477792497473748,0.0477009045949816,0.0504067517400106,0.0480214015640675,0.0511590247185493,0.0580053651847605,0.0474774043153431,0.0490429793493288,0.0508774529464402,0.0523432015164796
"TCGA-AB-2981",0.0509511250568927,0.0485741544807402,0.0500131955801971,0.0513755118449774,0.0555547564327958,0.053310581035395,0.0508138001466739,0.049588665159808,0.0501981689988844,0.0926606257974215,0.0500507362112553,0.0634501130924148,0.0515532794634328,0.0562188684171762,0.0512547607853926,0.0504238270150831,0.0695023661018143,0.0545054643796449
"TCGA-AB-2984",0.0541557537991526,0.0523338009403987,0.0534247962804114,0.0529835868361515,0.0550025439606662,0.0530482811142969,0.0522371971811299,0.0536095171482729,0.052532466961123,0.0708206077205568,0.0524462314270062,0.0589383609421669,0.0549007662040778,0.0581582248690087,0.0512785714558774,0.0544762254796669,0.0666858883309369,0.0529671793490991
"TCGA-AB-2986",0.0526208252489207,0.0529080697932861,0.0522828536150602,0.0533302474731324,0.0543539223944644,0.0554151590758752,0.0528825711413231,0.0534572949612538,0.0555978342398099,0.0755715550256044,0.0514313347305646,0.0601839530729316,0.0532290725070443,0.0527205932792094,0.0530424649306089,0.0534760107080883,0.0589672629512372,0.0585289748515855
"TCGA-AB-2987",0.0536923957320909,0.0512659407607905,0.0533142995158263,0.0540647925970423,0.0553451936880133,0.0552553303089869,0.0524947760921283,0.052941824117308,0.0530249111721694,0.0691527115879,0.0538761604287494,0.0569115364978623,0.0531557589502587,0.0604083581467743,0.0525145411282859,0.0521394832957304,0.0669134608875397,0.0535285250925432
"TCGA-AB-2989",0.0806217419578874,0.0464496177341828,0.0500726486561325,0.0767875270878711,0.0542613122705203,0.0502450784108722,0.0490448740248172,0.0516955544337266,0.0486296434858671,0.0655303277403388,0.0484210329998732,0.051330425304627,0.0501397984295913,0.0632525679464404,0.0470950800054836,0.0499524586161405,0.0627924782965869,0.0536778325990412
"TCGA-AB-2990",0.0517661316170695,0.0534851062385301,0.0530621802973733,0.0529536218459551,0.0550454508557081,0.0548144721044392,0.0509550972644553,0.05376036206667,0.0520589133742717,0.0698829066955743,0.0539029224416605,0.0592192788629839,0.0532656453174352,0.0599338764161602,0.0525622428119484,0.0526081100779244,0.0681597509119339,0.0525639307999069
"TCGA-AB-2992",0.0510924803512652,0.0515092471621407,0.0524844955968523,0.0523828479368539,0.0563702380144061,0.0532958626528919,0.0552931339290866,0.0536914796647242,0.0533466258726747,0.0705299906608943,0.052810091582835,0.0593808715074295,0.0528323812377165,0.0581092667247018,0.0528691767479519,0.0524135804186949,0.0691138073010652,0.0524744226378152
"TCGA-AB-2993",0.0508140092694997,0.0511696043174368,0.0534668664432452,0.0501719802334987,0.0613856986031598,0.055800369207227,0.049201703268599,0.0538495173928929,0.0583040301243669,0.073871932079076,0.0499976770511843,0.0599585187053916,0.0562906275455387,0.0529594952482014,0.0521237257989362,0.0489573039395526,0.0571290922960484,0.0645478484761447
"TCGA-AB-2996",0.0525611444398031,0.0540239341728915,0.0557484221737828,0.0871188313377863,0.0576625381677496,0.0531472865477129,0.0538169440855974,0.0527866712878295,0.0520801986553238,0.0541078135904314,0.0512695408668753,0.0515604849004533,0.0527449662024313,0.0528151945252917,0.0527916989226234,0.0532942058623468,0.0534635337108677,0.0590065905502024
"TCGA-AB-2997",0.0524929155502952,0.0538664103722626,0.052022589487524,0.0527451258833631,0.0573482074866066,0.0541933141008144,0.0534353246765717,0.0864764024995165,0.0525892414958098,0.0531689722285597,0.0524141807566963,0.0508362462352012,0.0568606961442674,0.0532911899879072,0.0533990450791007,0.0530505411767777,0.0552414679627628,0.056568128875963
"TCGA-AB-3000",0.0535727083400449,0.0532083448776613,0.053087972666726,0.0507606902713714,0.0541601331028185,0.0547062134442974,0.0533157017425513,0.0534524125995634,0.0517217912051314,0.0665380388502822,0.0504556743731962,0.0641982649655534,0.0536509129885754,0.0580673385863397,0.0538151154128754,0.0522610484595514,0.0673891206537264,0.0556385174597344
"TCGA-AB-3008",0.0534449806804725,0.0529545146080869,0.0540148308783491,0.052215749343606,0.0531427050190353,0.0534746039545525,0.0520246985392315,0.0530780386304619,0.0532714246359327,0.0653246861640088,0.051813059233339,0.0632988623203906,0.0537260003869974,0.0610773871311452,0.0521525721694749,0.0526129727986867,0.067823078767464,0.0545498347387649
"TCGA-AB-3009",0.0450698238701489,0.0449527241811904,0.0446737849670329,0.0459787011951768,0.0500490352306173,0.0532253637117515,0.0465778982711868,0.0449670849386929,0.0469974662931881,0.146613534886254,0.0457666990237215,0.0660778270172103,0.0472719230486266,0.0505929578388609,0.0458885849266377,0.0459359356570801,0.0705618588010003,0.0587987961416223
"TCGA-AB-3011",0.052650193661942,0.0530867263273957,0.0517681214018945,0.0521300749475471,0.0557292532225761,0.054040658249498,0.051530693653283,0.0552624132555583,0.0530114625374406,0.0695570957454895,0.0535700157398879,0.0592577681502916,0.0532672980507324,0.0594019945118877,0.0530493022628685,0.052904066386706,0.0676917554426263,0.0520911064523748
"TCGA-AB-3012",0.0536288195565899,0.0517224117472073,0.0520099707197539,0.0523115348314303,0.0544846857370999,0.0562058332293972,0.0523721408549825,0.0874313269414143,0.0533525409786782,0.0538924263078827,0.0526934953835228,0.0532981182104026,0.0555002856514122,0.0528957051124545,0.0521037488124374,0.0540078990252361,0.0559215323822002,0.0561675245178979
